%YAML:1.0
---
CameraExtrinsicMat: !!opencv-matrix
   rows: 4
   cols: 4
   dt: d
   data: [ -3.4073780651472285e-01, 1.7373491708678412e-02,
       9.3999782393225939e-01, -2.3540797321503515e-01,
       -9.2906013753540784e-01, 1.4695051527420822e-01,
       -3.3948903797226393e-01, 2.2338632517696480e-01,
       -1.4403127456987808e-01, -9.8899125771995200e-01,
       -3.3930577644406545e-02, 4.3323684828583071e-02, 0., 0., 0., 1. ]
CameraMat: !!opencv-matrix
   rows: 3
   cols: 3
   dt: d
   data: [ 4.7374560474105954e+02, 0., 3.2307934444129040e+02, 0.,
       4.7077051966461971e+02, 2.7774594994241170e+02, 0., 0., 1. ]
DistCoeff: !!opencv-matrix
   rows: 1
   cols: 5
   dt: d
   data: [ -2.5243274936984578e-01, 2.7446798921765776e+00,
       2.7095909539707197e-02, 1.8618175469870078e-02,
       -1.2708830022724520e+01 ]
ImageSize: [ 640, 480 ]
ReprojectionError: 3.2951943570119296e-01
