%YAML:1.0
---
CameraExtrinsicMat: !!opencv-matrix
   rows: 4
   cols: 4
   dt: d
   data: [ 1.4345185049488118e-01, -9.1988180141499676e-02,
       9.8537289454492782e-01, -1.8359360858301699e-01,
       -9.8942569766608091e-01, -3.4869988106328353e-02,
       1.4078662126585045e-01, 1.9851349950641955e-02,
       2.1409236034563406e-02, -9.9514936499186901e-01,
       -9.6017633634123856e-02, 3.1073661978504363e-02, 0., 0., 0., 1. ]
CameraMat: !!opencv-matrix
   rows: 3
   cols: 3
   dt: d
   data: [ 4.5308410924494876e+02, 0., 3.0625321777792169e+02, 0.,
       4.5834181064538831e+02, 2.9767264317414242e+02, 0., 0., 1. ]
DistCoeff: !!opencv-matrix
   rows: 1
   cols: 5
   dt: d
   data: [ -3.7502124602586445e-01, 3.0260918833366763e+00,
       1.9828425811854383e-02, -3.5534687820258162e-02,
       -1.4786195650803982e+01 ]
ImageSize: [ 640, 480 ]
ReprojectionError: 2.6693363682915811e-01
